[leak]
threshold = -1.000000
velocity = 4.500000
length = 3.000000
slope = 3.000000
noise = 1.000000
roughness = 0.000000
seperation = 0.000000

[pre]
threshold = 4.000000
velocity = 15.000000
length = 20.000000
slope = 1.000000
noise = 0.800000
roughness = 0.000000
seperation = 0.000000

[hot]
threshold = 10.000000
velocity = 30.000000
length = 20.000000
slope = -0.010000
noise = 0.200000
roughness = 0.100000
seperation = 1.000000