[plume]
color = 0.149543,0.120056,0.511698
position = 0.000000,0.000000,0.000000
normal = 0.000000,-1.000000,0.000000
smoothness = 18.100000
length = 20.000000
radius = 0.550000
load = rendering/plume.ini

[camera]
position = 0.000000,12.100000,29.799999
target = 0.000000,6.300000,0.000000
near = 1.000000
far = 100.000000
exposure = 1.000000
gamma = 2.200000